0  110  124  118  119  95  96  158  95  107  119
2  128  112  115  199  105  121  188  151  207  153.8
4  141  150  156  196  144  133  253  191  222  177.9
6  184  169  206  220  141  224  275  245  218  209.2
8  251  185  259  258  163  228  345  241  252  243
10  317  242  284  244  220  285  412  336  272  286.4
12  324  262  288  286  251  292  384  266  313  293.1
14  344  326  309  282  299  353  370  265  295  318.1
16  359  350  346  355  312  363  407  302  355  347.1
18  358  358  411  354  347  360  407  317  358  361.95
20  381  357  383  328  362  377  391  333  345  363
22  364  393  411  342  368  372  379  366  368  375.1
24  389  424  434  381  399  448  400  353  348  397.4
26  400  415  449  361  406  427  360  376  327  390.2
28  377  411  454  347  396  411  402  379  334  393.4
30  375  423  415  365  442  436  361  395  332  395.25
32  382  419  524  378  408  462  435  381  334  412.8
34  398  388  499  355  403  428  353  399  320  398.9
36  384  405  462  403  495  409  337  384  315  404.9
38  360  417  440  338  403  506  309  365  316  387.3
40  387  404  428  361  382  446  312  344  398  389.2
42  367  387  429  341  410  440  295  335  319  380.4
44  361  382  426  321  379  454  278  366  332  375.1
46  347  379  393  309  375  446  274  335  312  366.2
48  353  386  421  289  364  452  265  336  306  364.3
50  330  377  394  280  369  433  262  327  301  349.7
52  397  371  421  264  334  386  250  318  298  349.6
54  329  355  361  264  317  407  254  319  299  334.8
56  344  324  337  259  353  381  242  306  296  330.7
58  313  347  348  245  314  383  237  314  278  310.3
60  303  333  338  247  291  391  251  320  274  318.3
65  277  321  305  237  304  345  234  295  244  297.1
70  267  279  284  235  257  319  215  273  229  275
75  262  274  243  214  277  294  213  257  223  263.6
80  249  255  235  220  311  268  203  242  196  254.2
85  220  243  203  175  220  286  210  247  194  232.6
90  222  234  204  180  198  228  188  235  192  214.5
95  201  246  185  178  199  219  179  215  176  206.9
100  191  230  194  176  173  196  173  198  185  194.8
105  187  199  193  172  169  195  183  210  168  190.5
110  185  207  167  158  171  196  173  207  174  184.2
115  177  188  183  156  179  179  176  191  181  179.2
120  183  179  193  141  183  191  182  187  153  178.2
130  167  186  179  146  170  181  173  177  169  171.5
140  145  165  160  142  159  165  173  175  183  163.2
150  145  153  148  155  150  160  183  160  197  160.7
160  137  140  142  161  131  153  187  172  185  155
170  120  135  146  159  122  144  234  161  208  155.6
180  128  140  150  156  130  134  211  142  205  151